A = [0.95, 0.05; 0.95, 0.05]
s_0 = [0.05 ; 0]

